 5.053  3.242
 4.950  3.354
 4.868  3.551
 4.647  3.720
 4.479  3.776
 4.395  3.817
 4.034  3.838
 3.649  3.693
 3.505  3.858
 3.222  3.578
 2.801  3.588
 2.689  3.491
 2.378  3.337
 1.973  3.286
 1.866  2.981
 1.442  2.901
 1.300  2.515
 1.205  2.391
 1.029  2.230
 0.817  1.855
 0.670  1.775
 0.738  1.537
 0.692  1.317
 0.655  1.112
 0.670  0.797
 0.774  0.738
 0.974  0.454
 1.273  0.447
 1.368  0.328
 1.588  0.211
 1.828  0.207
 2.094  0.256
 2.355  0.107
 2.725  0.277
 3.056  0.414
 3.222  0.364
 3.650  0.622
 3.884  0.768
 4.088  0.970
 4.393  1.098
 4.561  1.377
 4.744  1.483
 4.997  1.729
 5.091  1.939
 5.128  2.297
 5.313  2.570
 5.413  2.712
 5.355  2.992
 5.270  2.997
 5.130  3.150
 0.488  0.634
 1.919  0.304
 3.353  2.941
 1.827  1.864
 0.030  2.510
 0.299  0.860
 1.021  0.059
 4.799  2.451
 4.517  0.389
 0.225  4.615
 1.869  0.306
 0.002  4.868
 0.719  0.759
 1.119  2.086
 1.315  2.816
 4.616  4.168
 3.512  2.881
 0.167  1.976
 2.398  0.912
 0.353  2.976
 3.756  4.950
 0.666  1.472
 3.311  2.060
 4.113  4.153
 4.402  1.911
 0.583  3.097
 0.149  4.375
 0.793  0.381
 2.592  2.658
 3.388  2.460
 1.161  1.649
 4.623  3.110
 2.243  0.453
 2.547  2.211
 0.401  4.770
 2.670  1.200
 3.331  3.681
 2.548  1.003
 2.261  3.264
 0.659  4.457
 3.080  2.927
 2.406  2.619
 2.139  4.068
 4.749  0.506
 4.410  2.125
 0.622  2.817
 1.183  0.068
 4.432  3.005
 2.086  4.301
 0.496  3.810
