0.0753623    0.0435414
0.073913    0.0580552
0.0724638    0.458636
0.0913043    0.0928882
0.0956522    0.0478955
0.0985507    0.104499
0.123188    0.644412
0.14058    0.426705
0.153623    0.580552
0.165217    0.139332
0.171014    0.134978
0.181159    0.317852
0.192754    0.558781
0.205797    0.362845
0.231884    0.551524
0.233333    0.510885
0.26087    0.255443
0.27971    0.233672
0.285507    0.582003
0.291304    0.283019
0.297101    0.233672
0.314493    0.265602
0.327536    0.065312
0.326087    0.274311
0.334783    0.746009
0.343478    0.307692
0.411594    0.373004
0.436232    0.554427
0.44058    0.399129
0.446377    0.0391872
0.455072    0.92598
0.456522    0.404935
0.463768    0.412192
0.465217    0.43106
0.484058    0.412192
0.517391    0.503628
0.52029    0.706821
0.524638    0.49492
0.521739    0.468795
0.524638    0.0406386
0.536232    0.489115
0.556522    0.534107
0.569565    0.545718
0.576812    0.571843
0.594203    0.229318
0.595652    0.358491
0.601449    0.576197
0.607246    0.939042
0.614493    0.606676
0.623188    0.618287
0.624638    0.526851
0.621739    0.709724
0.623188    0.851959
0.642029    0.609579
0.650725    0.597968
0.67971    0.660377
0.681159    0.923077
0.695652    0.0740203
0.718841    0.676343
0.718841    0.701016
0.721739    0.844702
0.753623    0.753266
0.762319    0.166909
0.771014    0.531205
0.771014    0.593614
0.781159    0.532656
0.828986    0.809869
0.843478    0.380261
0.844928    0.798258
0.849275    0.843251
0.863768    0.798258
0.871014    0.82148
0.885507    0.28447
0.894203    0.08418
0.895652    0.0232221
0.905797    0.45283
0.908696    0.240929
0.911594    0.907112
0.918841    0.119013
0.93913    0.642961
0.94058    0.898403
0.947826    0.390421
0.950725    0.573295
0.956522    0.670537
0.956522    0.923077
0.962319    0.523948
