# szkennelt pontfelho, gomb
-1.0419000 0.6934000 66.6415000
-1.0406000 0.6925000 66.6636000
-1.0394000 0.6917000 66.6606000
-1.0390000 0.6951000 66.6741000
-1.0376000 0.6905000 66.6579000
-1.0371000 0.6976000 66.6812000
-1.0370000 0.6901000 66.6511000
-1.0370000 0.6902000 66.6475000
-1.0368000 0.6900000 66.6547000
-1.0364000 0.7010000 66.6878000
-1.0353000 0.6927000 66.6723000
-1.0342000 0.7073000 66.6976000
-1.0329000 0.6948000 66.6797000
-1.0328000 0.7023000 66.6956000
-1.0323000 0.7021000 66.6923000
-1.0320000 0.6906000 66.6348000
-1.0320000 0.7097000 66.7013000
-1.0317000 0.6902000 66.6705000
-1.0314000 0.6976000 66.6865000
-1.0307000 0.6933000 66.6876000
-1.0295000 0.6888000 66.6680000
-1.0295000 0.7040000 66.6963000
-1.0286000 0.6919000 66.6781000
-1.0282000 0.6881000 66.6403000
-1.0280000 0.6878000 66.6652000
-1.0275000 0.6988000 66.6910000
-1.0275000 0.7066000 66.6998000
-1.0273000 0.6948000 66.6849000
-1.0270000 0.6871000 66.6621000
-1.0269000 0.7102000 66.7027000
-1.0261000 0.6866000 66.6449000
-1.0258000 0.6864000 66.6592000
-1.0257000 0.6900000 66.6760000
-1.0257000 0.7171000 66.7086000
-1.0254000 0.7131000 66.7061000
-1.0250000 0.6858000 66.6560000
-1.0250000 0.6859000 66.6490000
-1.0250000 0.6859000 66.6525000
-1.0250000 0.6897000 66.6303000
-1.0247000 0.7008000 66.6949000
-1.0244000 0.7432000 66.5275000
-1.0243000 0.6928000 66.6828000
-1.0240000 0.6965000 66.6891000
-1.0239000 0.6888000 66.6733000
-1.0239000 0.6928000 66.6228000
-1.0227000 0.7034000 66.6984000
-1.0220000 0.7184000 66.7129000
-1.0216000 0.6873000 66.6709000
-1.0214000 0.6909000 66.6806000
-1.0213000 0.7063000 66.7017000
-1.0212000 0.6795000 66.6762000
-1.0210000 0.6944000 66.6870000
-1.0210000 0.6983000 66.6931000
-1.0208000 0.7213000 66.7127000
-1.0207000 0.6868000 66.6361000
-1.0207000 0.7098000 66.7047000
-1.0206000 0.7058000 66.7089000
-1.0205000 0.7247000 66.7155000
-1.0201000 0.7171000 66.7103000
-1.0200000 0.6862000 66.6681000
-1.0194000 0.7128000 66.7079000
-1.0192000 0.6857000 66.6650000
-1.0189000 0.6892000 66.6783000
-1.0188000 0.7007000 66.6967000
-1.0187000 0.6854000 66.6406000
-1.0187000 0.7270000 66.7156000
-1.0181000 0.6925000 66.6848000
-1.0180000 0.6962000 66.6910000
-1.0179000 0.6848000 66.6622000
-1.0177000 0.6848000 66.6447000
-1.0175000 0.6846000 66.6588000
-1.0173000 0.6844000 66.6484000
-1.0171000 0.6843000 66.6556000
-1.0169000 0.6879000 66.6758000
-1.0168000 0.6841000 66.6522000
-1.0168000 0.7329000 66.7184000
-1.0167000 0.7220000 66.7137000
-1.0166000 0.7031000 66.7004000
-1.0163000 0.6877000 66.6303000
-1.0160000 0.7066000 66.7033000
-1.0156000 0.6910000 66.6226000
-1.0156000 0.7406000 66.5394000
-1.0154000 0.6906000 66.6826000
-1.0153000 0.7099000 66.7063000
-1.0152000 0.6867000 66.6731000
-1.0151000 0.6943000 66.6889000
-1.0150000 0.7172000 66.7118000
-1.0148000 0.6980000 66.6951000
-1.0148000 0.7133000 66.7092000
-1.0147000 0.7278000 66.7166000
-1.0141000 0.7347000 66.7188000
-1.0137000 0.6857000 66.6704000
-1.0137000 0.7011000 66.6982000
-1.0135000 0.7391000 66.5368000
-1.0132000 0.6856000 66.6354000
-1.0132000 0.7231000 66.7145000
-1.0130000 0.7350000 66.5305000
-1.0130000 0.7387000 66.5448000
-1.0128000 0.6889000 66.6804000
-1.0126000 0.7345000 66.5612000
-1.0124000 0.6924000 66.6867000
-1.0123000 0.6848000 66.6675000
-1.0120000 0.6846000 66.6642000
-1.0120000 0.6961000 66.6929000
-1.0119000 0.7037000 66.7017000
-1.0115000 0.6844000 66.6398000
-1.0114000 0.7336000 66.5732000
-1.0113000 0.6841000 66.6610000
-1.0113000 0.7071000 66.7046000
-1.0113000 0.7290000 66.7173000
-1.0112000 0.7335000 66.5658000
-1.0110000 0.6877000 66.6777000
-1.0110000 0.7332000 66.5772000
-1.0110000 0.7333000 66.5584000
-1.0109000 0.7332000 66.5697000
-1.0108000 0.6839000 66.6437000
-1.0108000 0.6991000 66.6961000
-1.0107000 0.7178000 66.7129000
-1.0107000 0.7371000 66.5347000
-1.0106000 0.6837000 66.6579000
-1.0105000 0.6837000 66.6474000
-1.0104000 0.7103000 66.7076000
-1.0104000 0.7359000 66.7197000
-1.0102000 0.6873000 66.6290000
-1.0102000 0.7138000 66.7104000
-1.0101000 0.6834000 66.6546000
-1.0101000 0.6909000 66.6842000
-1.0100000 0.6911000 66.6210000
-1.0099000 0.6833000 66.6512000
-1.0096000 0.6944000 66.6905000
-1.0095000 0.6866000 66.6750000
-1.0094000 0.7020000 66.6994000
-1.0092000 0.7239000 66.7155000
-1.0092000 0.7469000 66.7213000
-1.0088000 0.7309000 66.7177000
-1.0083000 0.6859000 66.6721000
-1.0083000 0.7382000 66.7198000
-1.0078000 0.6893000 66.6819000
-1.0078000 0.7047000 66.7027000
-1.0078000 0.7193000 66.7134000
-1.0076000 0.6855000 66.6339000
-1.0075000 0.6968000 66.6941000
-1.0075000 0.7347000 66.5519000
-1.0074000 0.6929000 66.6881000
-1.0073000 0.6852000 66.6691000
-1.0073000 0.7496000 66.7212000
-1.0072000 0.7345000 66.5330000
-1.0071000 0.7117000 66.7083000
-1.0071000 0.7152000 66.7110000
-1.0070000 0.7079000 66.7057000
-1.0067000 0.7410000 66.7231000
-1.0065000 0.6848000 66.6380000
-1.0062000 0.6845000 66.6661000
-1.0062000 0.6883000 66.6792000
-1.0062000 0.7769000 66.5519000
-1.0061000 0.6997000 66.6974000
-1.0060000 0.6884000 66.6267000
-1.0060000 0.6923000 66.6186000
-1.0060000 0.7252000 66.7162000
-1.0060000 0.7376000 66.5403000
-1.0058000 0.7765000 66.5636000
-1.0056000 0.6842000 66.6420000
-1.0054000 0.6840000 66.6630000
-1.0054000 0.6916000 66.6856000
-1.0053000 0.7211000 66.7138000
-1.0053000 0.7330000 66.5607000
-1.0052000 0.6838000 66.6597000
-1.0052000 0.7329000 66.5757000
-1.0052000 0.7369000 66.5446000
-1.0051000 0.6952000 66.6918000
-1.0051000 0.7328000 66.5646000
-1.0051000 0.7760000 66.5602000
-1.0050000 0.7327000 66.5721000
-1.0049000 0.7326000 66.5796000
-1.0049000 0.7328000 66.5572000
-1.0048000 0.6836000 66.6459000
-1.0047000 0.6873000 66.6764000
-1.0047000 0.7396000 66.7205000
-1.0046000 0.7316000 66.7187000
-1.0046000 0.7324000 66.5686000
-1.0046000 0.7516000 66.7216000
-1.0045000 0.7326000 66.5309000
-1.0044000 0.7023000 66.7008000
-1.0044000 0.7755000 66.5568000
-1.0042000 0.6831000 66.6567000
-1.0042000 0.7132000 66.7089000
-1.0040000 0.6830000 66.6498000
-1.0040000 0.7361000 66.5377000
-1.0039000 0.7057000 66.7037000
-1.0037000 0.6868000 66.6314000
-1.0037000 0.7272000 66.7165000
-1.0036000 0.7092000 66.7065000
-1.0036000 0.7198000 66.7248000
-1.0036000 0.7548000 66.7212000
-1.0035000 0.6827000 66.6536000
-1.0035000 0.6903000 66.6830000
-1.0035000 0.6945000 66.6154000
-1.0035000 0.7163000 66.7119000
-1.0034000 0.6978000 66.6952000
-1.0032000 0.6862000 66.6737000
-1.0032000 0.7020000 66.6065000
-1.0030000 0.7423000 66.7205000
-1.0029000 0.6937000 66.6894000
-1.0028000 0.7352000 66.5346000
-1.0024000 0.6857000 66.6706000
-1.0023000 0.7339000 66.7189000
-1.0023000 0.7389000 66.5414000
-1.0022000 0.6857000 66.6358000
-1.0021000 0.6893000 66.6803000
-1.0021000 0.6974000 66.6116000
-1.0018000 0.6893000 66.6244000
-1.0016000 0.7220000 66.7147000
-1.0016000 0.7333000 66.7261000
-1.0015000 0.6851000 66.6676000
-1.0015000 0.7004000 66.6987000
-1.0015000 0.7341000 66.5694000
-1.0015000 0.7383000 66.5380000
-1.0013000 0.7039000 66.7014000
-1.0013000 0.7183000 66.7121000
-1.0013000 0.7262000 66.5864000
-1.0013000 0.7341000 66.5507000
-1.0012000 0.7341000 66.5318000
-1.0011000 0.6963000 66.6928000
-1.0011000 0.7379000 66.5459000
-1.0010000 0.7337000 66.5734000
-1.0009000 0.6923000 66.6869000
-1.0009000 0.7336000 66.5660000
-1.0009000 0.7378000 66.5346000
-1.0007000 0.7565000 66.7217000
-1.0006000 0.6846000 66.6401000
-1.0006000 0.7106000 66.7071000
-1.0006000 0.7446000 66.7207000
-1.0005000 0.6845000 66.6646000
-1.0005000 0.7334000 66.5550000
-1.0004000 0.6881000 66.6776000
-1.0004000 0.7333000 66.5625000
-1.0003000 0.7140000 66.7099000
-1.0002000 0.7332000 66.5589000
-1.0001000 0.7598000 66.7212000
-1.0000000 0.7329000 66.5777000
-1.0000000 0.7361000 66.7191000
-0.9999000 0.7066000 66.7047000
-0.9999000 0.7282000 66.7173000
-0.9997000 0.6991000 66.6961000
-0.9996000 0.7329000 66.5290000
-0.9996000 0.7717000 66.5710000
-0.9993000 0.6836000 66.6617000
-0.9993000 0.6837000 66.6443000
-0.9993000 0.6837000 66.6478000
-0.9992000 0.6836000 66.6548000
-0.9991000 0.6835000 66.6514000
-0.9991000 0.6835000 66.6583000
-0.9991000 0.6911000 66.6843000
-0.9990000 0.6874000 66.6295000
-0.9989000 0.6871000 66.6749000
-0.9989000 0.7238000 66.7151000
-0.9988000 0.6912000 66.6215000
-0.9987000 0.7021000 66.6992000
-0.9987000 0.7402000 66.5425000
-0.9986000 0.6946000 66.6905000
-0.9986000 0.7471000 66.7207000
-0.9984000 0.7317000 66.5823000
-0.9983000 0.6867000 66.6717000
-0.9983000 0.7196000 66.7127000
-0.9982000 0.7359000 66.5325000
-0.9980000 0.7397000 66.5466000
-0.9979000 0.7307000 66.7174000
-0.9978000 0.7385000 66.7193000
-0.9977000 0.7086000 66.7049000
-0.9975000 0.6862000 66.6686000
-0.9975000 0.7049000 66.7024000
-0.9975000 0.7393000 66.5394000
-0.9974000 0.6900000 66.6816000
-0.9974000 0.7154000 66.7104000
-0.9974000 0.7352000 66.5519000
-0.9973000 0.6862000 66.6339000
-0.9973000 0.6937000 66.6877000
-0.9973000 0.7118000 66.7078000
-0.9972000 0.7499000 66.7206000
-0.9971000 0.6973000 66.6938000
-0.9971000 0.7349000 66.5596000
-0.9970000 0.7349000 66.5559000
-0.9968000 0.7346000 66.5710000
-0.9968000 0.7346000 66.5747000
-0.9968000 0.7388000 66.5360000
-0.9963000 0.6856000 66.6379000
-0.9963000 0.7342000 66.5787000
-0.9963000 0.7343000 66.5638000
-0.9963000 0.7343000 66.5676000
-0.9961000 0.6929000 66.6848000
-0.9961000 0.6932000 66.6184000
-0.9961000 0.7003000 66.6970000
-0.9961000 0.7255000 66.7156000
-0.9959000 0.6851000 66.6660000
-0.9959000 0.6889000 66.6789000
-0.9959000 0.6891000 66.6266000
-0.9958000 0.7330000 66.7175000
-0.9956000 0.6850000 66.6418000
-0.9955000 0.7035000 66.6999000
-0.9955000 0.7379000 66.5330000
-0.9955000 0.7601000 66.7224000
-0.9954000 0.7039000 66.6052000
-0.9953000 0.6961000 66.6912000
-0.9953000 0.7524000 66.7206000
-0.9952000 0.6964000 66.6144000
-0.9952000 0.7104000 66.7053000
-0.9952000 0.7211000 66.7133000
-0.9952000 0.7406000 66.7196000
-0.9951000 0.6846000 66.6525000
-0.9951000 0.6884000 66.6759000
-0.9951000 0.7067000 66.7027000
-0.9951000 0.7415000 66.5473000
-0.9950000 0.6846000 66.6629000
-0.9950000 0.7108000 66.6000000
-0.9950000 0.7173000 66.7108000
-0.9950000 0.7332000 66.5832000
-0.9949000 0.7253000 66.5890000
-0.9948000 0.6844000 66.6596000
-0.9948000 0.7413000 66.5436000
-0.9947000 0.7372000 66.5524000
-0.9946000 0.6843000 66.6458000
-0.9946000 0.6843000 66.6562000
-0.9946000 0.7413000 66.5362000
-0.9946000 0.7557000 66.7201000
-0.9945000 0.7134000 66.7083000
-0.9945000 0.7451000 66.5427000
-0.9945000 0.7451000 66.5465000
-0.9943000 0.6841000 66.6494000
-0.9942000 0.6878000 66.6728000
-0.9942000 0.7408000 66.5516000
-0.9942000 0.7409000 66.5402000
-0.9941000 0.6915000 66.6824000
-0.9939000 0.7277000 66.7158000
-0.9939000 0.7365000 66.5604000
-0.9939000 0.7368000 66.5301000
-0.9938000 0.6950000 66.6886000
-0.9938000 0.7364000 66.5642000
-0.9938000 0.7365000 66.5567000
-0.9938000 0.7365000 66.5679000
-0.9937000 0.6877000 66.6313000
-0.9935000 0.6985000 66.6947000
-0.9935000 0.6989000 66.6108000
-0.9935000 0.7361000 66.5792000
-0.9935000 0.7623000 66.7190000
-0.9934000 0.7361000 66.5719000
-0.9934000 0.7361000 66.5756000
-0.9933000 0.7432000 66.7196000
-0.9933000 0.7584000 66.7199000
-0.9932000 0.7697000 66.7176000
-0.9931000 0.7233000 66.7135000
-0.9930000 0.7657000 66.7185000
-0.9929000 0.6869000 66.6700000
-0.9929000 0.6871000 66.6352000
-0.9929000 0.7439000 66.5361000
-0.9928000 0.7439000 66.5399000
-0.9926000 0.7014000 66.6978000
-0.9926000 0.7050000 66.7004000
-0.9926000 0.7395000 66.5787000
-0.9926000 0.7731000 66.7171000
-0.9925000 0.7346000 66.7181000
-0.9924000 0.6906000 66.6240000
-0.9923000 0.6902000 66.6798000
-0.9923000 0.7394000 66.5565000
-0.9922000 0.6939000 66.6859000
-0.9922000 0.7082000 66.7033000
-0.9921000 0.7587000 66.5358000
-0.9920000 0.6863000 66.6670000
-0.9920000 0.7116000 66.7060000
-0.9920000 0.7188000 66.7113000
-0.9920000 0.7392000 66.5604000
-0.9918000 0.6863000 66.6393000
-0.9918000 0.6940000 66.6198000
-0.9918000 0.7150000 66.7088000
-0.9918000 0.7390000 66.5642000
-0.9918000 0.7430000 66.5519000
-0.9917000 0.7300000 66.7159000
-0.9917000 0.7388000 66.5755000
-0.9917000 0.7805000 66.7123000
-0.9916000 0.6971000 66.6922000
-0.9916000 0.7545000 66.5449000
-0.9916000 0.7582000 66.5438000
-0.9916000 0.7583000 66.5400000
-0.9916000 0.7621000 66.5312000
-0.9915000 0.7346000 66.5841000
-0.9915000 0.7458000 66.7196000
-0.9915000 0.7469000 66.5358000
-0.9914000 0.7387000 66.5682000
-0.9913000 0.7466000 66.5435000
-0.9912000 0.6895000 66.6769000
-0.9912000 0.7385000 66.5721000
-0.9912000 0.7465000 66.5474000
-0.9912000 0.7466000 66.5397000
-0.9912000 0.7504000 66.5387000
-0.9912000 0.7504000 66.5425000
-0.9912000 0.7881000 66.7073000
-0.9911000 0.7542000 66.5376000
-0.9910000 0.6856000 66.6641000
-0.9910000 0.7375000 66.7180000
-0.9910000 0.7383000 66.5833000
-0.9910000 0.7502000 66.5464000
-0.9910000 0.7577000 66.5480000
-0.9909000 0.7503000 66.5350000
-0.9908000 0.6856000 66.6433000
-0.9908000 0.6930000 66.6831000
-0.9908000 0.7539000 66.5416000
-0.9907000 0.7576000 66.5329000
-0.9905000 0.6853000 66.6609000
-0.9905000 0.7000000 66.6953000
-0.9905000 0.7253000 66.7138000
-0.9905000 0.7488000 66.7192000
-0.9903000 0.7034000 66.6981000
-0.9903000 0.7419000 66.5565000
-0.9902000 0.6888000 66.6739000
-0.9902000 0.6962000 66.6894000
-0.9902000 0.7418000 66.5603000
-0.9902000 0.7535000 66.5343000
-0.9901000 0.6890000 66.6287000
-0.9900000 0.6850000 66.6576000
-0.9899000 0.6849000 66.6542000
-0.9899000 0.7210000 66.7115000
-0.9899000 0.7521000 66.7187000
-0.9898000 0.6849000 66.6473000
-0.9898000 0.7594000 66.7241000
-0.9896000 0.7134000 66.7064000
-0.9896000 0.7413000 66.5682000
-0.9896000 0.7454000 66.5331000
-0.9895000 0.6847000 66.6509000
-0.9895000 0.7412000 66.5645000
-0.9895000 0.7566000 66.5527000
-0.9894000 0.6883000 66.6709000
-0.9894000 0.6993000 66.6924000
-0.9894000 0.7169000 66.7091000
-0.9893000 0.7527000 66.5501000
-0.9893000 0.7600000 66.5668000
-0.9892000 0.6919000 66.6804000
-0.9891000 0.7060000 66.7013000
-0.9891000 0.7400000 66.7180000
-0.9890000 0.7095000 66.7040000
-0.9890000 0.7408000 66.5723000
-0.9890000 0.7408000 66.5760000
-0.9890000 0.7408000 66.5796000
-0.9889000 0.7447000 66.5675000
-0.9889000 0.7598000 66.5633000
-0.9888000 0.6879000 66.6677000
-0.9888000 0.7447000 66.5526000
-0.9888000 0.7486000 66.5515000
-0.9887000 0.6880000 66.6330000
-0.9887000 0.6918000 66.6250000
-0.9887000 0.7246000 66.5915000
-0.9886000 0.7560000 66.5304000
-0.9885000 0.6950000 66.6868000
-0.9885000 0.6954000 66.6171000
-0.9885000 0.7026000 66.6081000
-0.9885000 0.7444000 66.5640000
-0.9885000 0.7445000 66.5603000
-0.9884000 0.7316000 66.7166000
-0.9883000 0.7521000 66.5317000
-0.9883000 0.7592000 66.5749000
-0.9882000 0.7442000 66.5716000
-0.9882000 0.7592000 66.5712000
-0.9881000 0.6911000 66.6776000
-0.9881000 0.6983000 66.6896000
-0.9881000 0.6987000 66.6129000
-0.9881000 0.7274000 66.7141000
-0.9881000 0.7518000 66.5546000
-0.9881000 0.7555000 66.5573000
-0.9880000 0.7441000 66.5568000
-0.9879000 0.7439000 66.5792000
-0.9878000 0.7016000 66.6958000
-0.9877000 0.6872000 66.6648000
-0.9877000 0.7437000 66.5757000
-0.9877000 0.7541000 66.7189000
-0.9877000 0.7551000 66.5651000
-0.9877000 0.7552000 66.5613000
-0.9876000 0.7550000 66.5726000
-0.9876000 0.7578000 66.7182000
-0.9876000 0.7586000 66.5790000
-0.9875000 0.7474000 66.5673000
-0.9874000 0.7549000 66.5690000
-0.9873000 0.6870000 66.6372000
-0.9873000 0.7048000 66.6987000
-0.9872000 0.7347000 66.7163000
-0.9872000 0.7547000 66.5765000
-0.9872000 0.7585000 66.5605000
-0.9871000 0.6867000 66.6617000
-0.9871000 0.7153000 66.7067000
-0.9871000 0.7159000 66.5980000
-0.9871000 0.7472000 66.5638000
-0.9871000 0.7509000 66.5776000
-0.9870000 0.7081000 66.7015000
-0.9870000 0.7509000 66.5665000
-0.9869000 0.6939000 66.6842000
-0.9869000 0.7423000 66.7182000
-0.9869000 0.7471000 66.5564000
-0.9868000 0.6866000 66.6410000
-0.9868000 0.7225000 66.7121000
-0.9868000 0.7391000 66.5846000
-0.9868000 0.7469000 66.5714000
-0.9868000 0.7507000 66.5704000
-0.9867000 0.6865000 66.6446000
-0.9867000 0.7469000 66.5603000
-0.9866000 0.7186000 66.7096000
-0.9866000 0.7467000 66.5753000
-0.9866000 0.7646000 66.7170000
-0.9866000 0.7725000 66.7154000
-0.9865000 0.6863000 66.6585000
-0.9865000 0.7007000 66.6930000
-0.9865000 0.7112000 66.7044000
-0.9865000 0.7467000 66.5790000
-0.9865000 0.7506000 66.5593000
-0.9864000 0.6901000 66.6298000
-0.9863000 0.7683000 66.7164000
-0.9862000 0.6862000 66.6552000
-0.9862000 0.6898000 66.6750000
-0.9862000 0.6970000 66.6871000
-0.9862000 0.7426000 66.5839000
-0.9861000 0.6861000 66.6483000
-0.9861000 0.6861000 66.6518000
-0.9861000 0.7455000 66.7177000
-0.9861000 0.7502000 66.5745000
-0.9861000 0.7604000 66.7181000
-0.9859000 0.6935000 66.6221000
-0.9859000 0.7078000 66.6042000
-0.9859000 0.7500000 66.5634000
-0.9856000 0.7263000 66.5922000
-0.9855000 0.6929000 66.6814000
-0.9855000 0.7035000 66.6961000
-0.9853000 0.6891000 66.6686000
-0.9853000 0.6892000 66.6720000
-0.9853000 0.7293000 66.7145000
-0.9853000 0.7372000 66.7163000
-0.9852000 0.7532000 66.5814000
-0.9851000 0.7985000 66.6963000
-0.9849000 0.6891000 66.6341000
-0.9849000 0.7036000 66.6092000
-0.9849000 0.7066000 66.6991000
-0.9849000 0.7483000 66.7175000
-0.9849000 0.7492000 66.5826000
-0.9848000 0.7250000 66.7122000
-0.9846000 0.6962000 66.6183000
-0.9845000 0.6994000 66.6905000
-0.9845000 0.7134000 66.7045000
-0.9844000 0.6957000 66.6846000
-0.9842000 0.7449000 66.5840000
-0.9841000 0.6919000 66.6787000
-0.9840000 0.6994000 66.6142000
-0.9838000 0.6883000 66.6382000
-0.9838000 0.6920000 66.6267000
-0.9837000 0.7093000 66.7022000
-0.9837000 0.7165000 66.7075000
-0.9836000 0.7022000 66.6936000
-0.9836000 0.7320000 66.7145000
-0.9835000 0.6880000 66.6660000
-0.9834000 0.7780000 66.7117000
-0.9833000 0.7200000 66.7103000
-0.9832000 0.7507000 66.7175000
-0.9830000 0.6876000 66.6594000
-0.9830000 0.6877000 66.6421000
-0.9830000 0.6912000 66.6757000
-0.9829000 0.7051000 66.6966000
-0.9829000 0.7393000 66.7166000
-0.9829000 0.7542000 66.7169000
-0.9828000 0.6875000 66.6560000
-0.9825000 0.6873000 66.6631000
-0.9825000 0.6945000 66.6820000
-0.9825000 0.7273000 66.7124000
-0.9824000 0.6873000 66.6459000
-0.9824000 0.6978000 66.6881000
-0.9824000 0.7427000 66.7160000
-0.9823000 0.6871000 66.6529000
-0.9823000 0.6908000 66.6727000
-0.9823000 0.7083000 66.6995000
-0.9822000 0.6871000 66.6495000
-0.9821000 0.6945000 66.6232000
-0.9821000 0.7011000 66.6909000
-0.9821000 0.7998000 66.6933000
-0.9820000 0.7610000 66.7157000
-0.9819000 0.6907000 66.6312000
-0.9819000 0.7728000 66.7132000
-0.9818000 0.7115000 66.7023000
-0.9818000 0.7229000 66.7101000
-0.9818000 0.7346000 66.7145000
-0.9817000 0.6974000 66.6850000
-0.9817000 0.7151000 66.7050000
-0.9815000 0.6902000 66.6696000
-0.9814000 0.6936000 66.6792000
-0.9813000 0.7186000 66.7078000
-0.9812000 0.7567000 66.7168000
-0.9812000 0.7575000 66.5854000
-0.9811000 0.7079000 66.6059000
-0.9811000 0.7152000 66.6004000
-0.9810000 0.7839000 66.7076000
-0.9809000 0.6972000 66.6194000
-0.9809000 0.7268000 66.5938000
-0.9808000 0.6897000 66.6631000
-0.9808000 0.6897000 66.6666000
-0.9808000 0.7641000 66.7153000
-0.9807000 0.7036000 66.6942000
-0.9807000 0.7299000 66.7124000
-0.9805000 0.6931000 66.6762000
-0.9805000 0.7000000 66.6883000
-0.9805000 0.7070000 66.6969000
-0.9804000 0.6895000 66.6599000
-0.9804000 0.6932000 66.6276000
-0.9804000 0.6965000 66.6822000
-0.9803000 0.6895000 66.6356000
-0.9802000 0.7448000 66.7161000
-0.9800000 0.6892000 66.6566000
-0.9800000 0.7674000 66.7149000
-0.9799000 0.6999000 66.6155000
-0.9799000 0.7101000 66.6998000
-0.9798000 0.6892000 66.6393000
-0.9798000 0.7137000 66.7025000
-0.9798000 0.7370000 66.7145000
-0.9797000 0.6890000 66.6464000
-0.9797000 0.6891000 66.6498000
-0.9797000 0.7252000 66.7102000
-0.9796000 0.7297000 66.5935000
-0.9795000 0.6889000 66.6534000
-0.9795000 0.6924000 66.6732000
-0.9795000 0.7032000 66.6113000
-0.9794000 0.6889000 66.6430000
-0.9794000 0.7211000 66.7078000
-0.9792000 0.7477000 66.7158000
-0.9791000 0.6921000 66.6700000
-0.9789000 0.7169000 66.7055000
-0.9789000 0.7325000 66.7123000
-0.9788000 0.6954000 66.6796000
-0.9788000 0.6988000 66.6856000
-0.9788000 0.7023000 66.6917000
-0.9787000 0.6919000 66.6667000
-0.9787000 0.6920000 66.6320000
-0.9787000 0.7510000 66.7153000
-0.9785000 0.7398000 66.7143000
-0.9782000 0.7089000 66.6972000
-0.9780000 0.6951000 66.6245000
-0.9780000 0.7279000 66.7102000
-0.9779000 0.7051000 66.6948000
-0.9778000 0.7091000 66.6068000
-0.9776000 0.6911000 66.6639000
-0.9776000 0.7014000 66.6889000
-0.9776000 0.7539000 66.7150000
-0.9775000 0.6944000 66.6769000
-0.9775000 0.7164000 66.6015000
-0.9774000 0.6911000 66.6363000
-0.9774000 0.6978000 66.6829000
-0.9774000 0.7120000 66.7002000
-0.9773000 0.7234000 66.7079000
-0.9773000 0.7426000 66.7141000
-0.9772000 0.6945000 66.6285000
-0.9772000 0.7351000 66.7123000
-0.9772000 0.7573000 66.7144000
-0.9771000 0.6908000 66.6399000
-0.9770000 0.7193000 66.7055000
-0.9769000 0.6978000 66.6207000
-0.9769000 0.7013000 66.6163000
-0.9769000 0.7317000 66.5939000
-0.9769000 0.7729000 66.7112000
-0.9769000 0.7768000 66.7103000
-0.9768000 0.6906000 66.6436000
-0.9768000 0.7048000 66.6119000
-0.9768000 0.7504000 66.5889000
-0.9767000 0.6904000 66.6609000
-0.9764000 0.6903000 66.6576000
-0.9764000 0.7150000 66.7032000
-0.9764000 0.7306000 66.7101000
-0.9762000 0.7004000 66.6861000
-0.9762000 0.7454000 66.7138000
-0.9762000 0.7605000 66.7140000
-0.9762000 0.7683000 66.7123000
-0.9761000 0.6901000 66.6543000
-0.9761000 0.7074000 66.6948000
-0.9760000 0.6900000 66.6474000
-0.9760000 0.7038000 66.6922000
-0.9759000 0.6899000 66.6509000
-0.9759000 0.6933000 66.6742000
-0.9758000 0.6932000 66.6709000
-0.9758000 0.6935000 66.6327000
-0.9758000 0.6967000 66.6803000
-0.9758000 0.7347000 66.5935000
-0.9757000 0.7108000 66.6976000
-0.9757000 0.7377000 66.7122000
-0.9756000 0.7639000 66.7134000
-0.9754000 0.7034000 66.6891000
-0.9752000 0.6966000 66.6252000
-0.9752000 0.7219000 66.7055000
-0.9752000 0.7258000 66.7080000
-0.9752000 0.7483000 66.7134000
-0.9752000 0.7831000 66.7060000
-0.9751000 0.6928000 66.6678000
-0.9751000 0.7380000 66.5929000
-0.9748000 0.6995000 66.6834000
-0.9748000 0.6998000 66.6210000
-0.9747000 0.7176000 66.7032000
-0.9747000 0.7407000 66.7118000
-0.9747000 0.7451000 66.5911000
-0.9745000 0.6925000 66.6369000
-0.9745000 0.6925000 66.6439000
-0.9744000 0.6923000 66.6612000
-0.9744000 0.6924000 66.6405000
-0.9744000 0.7030000 66.6168000
-0.9744000 0.7136000 66.7008000
-0.9744000 0.7330000 66.7101000
-0.9743000 0.6957000 66.6776000
-0.9743000 0.7098000 66.6949000
-0.9743000 0.7411000 66.5924000
-0.9742000 0.7025000 66.6863000
-0.9742000 0.7178000 66.6023000
-0.9741000 0.6955000 66.6743000
-0.9740000 0.6920000 66.6649000
-0.9740000 0.6921000 66.6477000
-0.9740000 0.6921000 66.6580000
-0.9740000 0.6957000 66.6293000
-0.9740000 0.7059000 66.6924000
-0.9740000 0.7063000 66.6125000
-0.9740000 0.7783000 66.7073000
-0.9739000 0.6954000 66.6709000
-0.9739000 0.7100000 66.6080000
-0.9738000 0.6919000 66.6512000
-0.9737000 0.6918000 66.6547000
-0.9737000 0.7509000 66.7133000
-0.9735000 0.7284000 66.7080000
-0.9734000 0.6952000 66.6332000
-0.9734000 0.7360000 66.7098000
-0.9733000 0.6984000 66.6807000
-0.9732000 0.7432000 66.7117000
-0.9731000 0.6985000 66.6255000
-0.9730000 0.7164000 66.7006000
-0.9727000 0.7201000 66.7032000
-0.9727000 0.7240000 66.7058000
-0.9727000 0.7577000 66.7122000
-0.9726000 0.7013000 66.6837000
-0.9726000 0.7538000 66.7130000
-0.9725000 0.6944000 66.6682000
-0.9725000 0.6946000 66.6371000
-0.9725000 0.7122000 66.6983000
-0.9724000 0.6945000 66.6406000
-0.9724000 0.7084000 66.6923000
-0.9723000 0.7015000 66.6215000
-0.9723000 0.7047000 66.6898000
-0.9722000 0.7692000 66.7098000
-0.9721000 0.7460000 66.7114000
-0.9720000 0.7312000 66.7078000
-0.9719000 0.6974000 66.6780000
-0.9719000 0.7841000 66.7032000
-0.9718000 0.7649000 66.7109000
-0.9717000 0.7384000 66.7098000
-0.9717000 0.7727000 66.7092000
-0.9716000 0.7007000 66.6808000
-0.9716000 0.7120000 66.6084000
-0.9715000 0.6938000 66.6446000
-0.9715000 0.7607000 66.7119000
-0.9713000 0.6936000 66.6654000
-0.9713000 0.7040000 66.6869000
-0.9713000 0.7268000 66.7056000
-0.9712000 0.6936000 66.6586000
-0.9712000 0.6972000 66.6300000
-0.9711000 0.6969000 66.6750000
-0.9711000 0.7489000 66.7111000
-0.9710000 0.6934000 66.6621000
-0.9710000 0.6935000 66.6484000
-0.9710000 0.7149000 66.6981000
-0.9710000 0.7194000 66.6031000
-0.9709000 0.7040000 66.6178000
-0.9709000 0.7111000 66.6956000
-0.9709000 0.7227000 66.7032000
-0.9707000 0.6932000 66.6520000
-0.9707000 0.6932000 66.6554000
-0.9707000 0.6965000 66.6718000
-0.9706000 0.7071000 66.6898000
-0.9705000 0.7034000 66.6839000
-0.9704000 0.6998000 66.6779000
-0.9702000 0.6962000 66.6686000
-0.9702000 0.7072000 66.6137000
-0.9702000 0.7183000 66.7010000
-0.9701000 0.7408000 66.7097000
-0.9700000 0.6963000 66.6341000
-0.9700000 0.6998000 66.6262000
-0.9699000 0.7334000 66.7080000
-0.9699000 0.7789000 66.7049000
-0.9697000 0.7102000 66.6928000
-0.9696000 0.7515000 66.7110000
-0.9696000 0.7748000 66.7059000
-0.9696000 0.7859000 66.7000000
-0.9695000 0.6957000 66.6655000
-0.9695000 0.7440000 66.7092000
-0.9695000 0.7553000 66.7102000
-0.9694000 0.7026000 66.6810000
-0.9694000 0.7143000 66.6085000
-0.9694000 0.7292000 66.7057000
-0.9693000 0.6990000 66.6751000
-0.9692000 0.6957000 66.6380000
-0.9692000 0.7220000 66.6030000
-0.9690000 0.7252000 66.7033000
-0.9689000 0.7212000 66.7008000
-0.9689000 0.7363000 66.7077000
-0.9689000 0.7473000 66.7087000
-0.9688000 0.6987000 66.6719000
-0.9688000 0.7134000 66.6957000
-0.9686000 0.7057000 66.6874000
-0.9685000 0.6951000 66.6626000
-0.9684000 0.7093000 66.6900000
-0.9684000 0.7170000 66.6985000
-0.9684000 0.7622000 66.7090000
-0.9683000 0.6950000 66.6420000
-0.9683000 0.6986000 66.6306000
-0.9683000 0.7021000 66.6228000
-0.9682000 0.6948000 66.6593000
-0.9682000 0.6949000 66.6524000
-0.9682000 0.7582000 66.7099000
-0.9681000 0.7660000 66.7083000
-0.9681000 0.7699000 66.7074000
-0.9680000 0.6947000 66.6560000
-0.9680000 0.6948000 66.6491000
-0.9680000 0.7056000 66.6184000
-0.9678000 0.6980000 66.6690000
-0.9678000 0.7015000 66.6784000
-0.9677000 0.7092000 66.6141000
-0.9677000 0.7248000 66.6028000
-0.9676000 0.6981000 66.6345000
-0.9676000 0.7125000 66.6929000
-0.9676000 0.7389000 66.7075000
-0.9675000 0.6944000 66.6459000
-0.9674000 0.7048000 66.6846000
-0.9671000 0.7312000 66.7059000
-0.9670000 0.6974000 66.6660000
-0.9670000 0.7495000 66.7088000
-0.9669000 0.7274000 66.7034000
-0.9668000 0.7163000 66.6090000
-0.9668000 0.7235000 66.7009000
-0.9668000 0.7420000 66.7070000
-0.9667000 0.6972000 66.6524000
-0.9667000 0.7010000 66.6271000
-0.9667000 0.7157000 66.6959000
-0.9667000 0.7196000 66.6984000
-0.9667000 0.7799000 66.7021000
-0.9667000 0.7874000 66.6970000
-0.9666000 0.6971000 66.6627000
-0.9666000 0.7042000 66.6816000
-0.9666000 0.7345000 66.7053000
-0.9665000 0.7530000 66.7081000
-0.9664000 0.7078000 66.6876000
-0.9663000 0.6971000 66.6387000
-0.9663000 0.7006000 66.6309000
-0.9663000 0.7115000 66.6902000
-0.9663000 0.7120000 66.6139000
-0.9662000 0.6969000 66.6561000
-0.9662000 0.7004000 66.6757000
-0.9661000 0.6969000 66.6423000
-0.9661000 0.7451000 66.7066000
-0.9660000 0.6968000 66.6458000
-0.9660000 0.7041000 66.6231000
-0.9659000 0.6967000 66.6493000
-0.9659000 0.7720000 66.7041000
-0.9658000 0.6966000 66.6597000
-0.9657000 0.7562000 66.7077000
-0.9656000 0.7754000 66.7035000
-0.9655000 0.7075000 66.6189000
-0.9655000 0.7148000 66.6931000
-0.9654000 0.7186000 66.6957000
-0.9654000 0.7945000 66.6888000
-0.9653000 0.6997000 66.6728000
-0.9653000 0.6999000 66.6349000
-0.9653000 0.7299000 66.7034000
-0.9652000 0.7032000 66.6788000
-0.9652000 0.7261000 66.7008000
-0.9652000 0.7371000 66.7052000
-0.9652000 0.7901000 66.6934000
-0.9651000 0.7069000 66.6848000
-0.9651000 0.7266000 66.6033000
-0.9649000 0.7187000 66.6091000
-0.9649000 0.7635000 66.7063000
-0.9648000 0.7220000 66.6985000
-0.9648000 0.7821000 66.6987000
-0.9647000 0.7447000 66.5985000
-0.9647000 0.7672000 66.7056000
-0.9646000 0.6992000 66.6698000
-0.9646000 0.6994000 66.6387000
-0.9646000 0.7031000 66.6274000
-0.9646000 0.7593000 66.7073000
-0.9645000 0.7299000 66.6026000
-0.9643000 0.6990000 66.6665000
-0.9643000 0.6991000 66.6424000
-0.9642000 0.6990000 66.6597000
-0.9642000 0.6990000 66.6631000
-0.9642000 0.7062000 66.6819000
-0.9642000 0.7100000 66.6878000
-0.9642000 0.7328000 66.7030000
-0.9642000 0.7400000 66.7048000
-0.9642000 0.7474000 66.7066000
-0.9642000 0.8025000 66.6732000
-0.9641000 0.7138000 66.6904000
-0.9640000 0.6989000 66.6495000
-0.9640000 0.6989000 66.6529000
-0.9640000 0.6989000 66.6563000
-0.9640000 0.6990000 66.6460000
-0.9640000 0.7024000 66.6760000
-0.9638000 0.7175000 66.6930000
-0.9638000 0.7403000 66.6001000
-0.9638000 0.7509000 66.7060000
-0.9637000 0.7062000 66.6234000
-0.9637000 0.7775000 66.7001000
-0.9636000 0.7287000 66.7007000
-0.9635000 0.7021000 66.6729000
-0.9635000 0.7022000 66.6315000
-0.9634000 0.7248000 66.6983000
-0.9632000 0.7055000 66.6790000
-0.9632000 0.7136000 66.6145000
-0.9632000 0.7327000 66.6024000
-0.9631000 0.7018000 66.6697000
-0.9631000 0.7096000 66.6192000
-0.9631000 0.7208000 66.6959000
-0.9630000 0.7361000 66.6015000
-0.9630000 0.7427000 66.7046000
-0.9630000 0.7541000 66.7055000
-0.9630000 0.8060000 66.6585000
-0.9629000 0.7091000 66.6850000
-0.9628000 0.7018000 66.6353000
-0.9627000 0.7054000 66.6274000
-0.9627000 0.7693000 66.7022000
-0.9626000 0.7209000 66.6093000
-0.9626000 0.7352000 66.7030000
-0.9626000 0.7546000 66.6002000
-0.9625000 0.7014000 66.6665000
-0.9625000 0.7051000 66.6759000
-0.9625000 0.7965000 66.6822000
-0.9623000 0.7013000 66.6391000
-0.9621000 0.7124000 66.6879000
-0.9621000 0.7312000 66.7006000
-0.9621000 0.7612000 66.7042000
-0.9620000 0.7010000 66.6634000
-0.9620000 0.7011000 66.6496000
-0.9620000 0.7725000 66.7017000
-0.9619000 0.7456000 66.7043000
-0.9619000 0.7835000 66.6958000
-0.9618000 0.7010000 66.6462000
-0.9617000 0.7159000 66.6906000
-0.9617000 0.7381000 66.7026000
-0.9616000 0.7008000 66.6429000
-0.9616000 0.7046000 66.6315000
-0.9616000 0.7082000 66.6823000
-0.9616000 0.7570000 66.7053000
-0.9615000 0.7007000 66.6602000
-0.9615000 0.7163000 66.6145000
-0.9615000 0.7196000 66.6933000
-0.9614000 0.7042000 66.6731000
-0.9613000 0.7005000 66.6534000
-0.9613000 0.7645000 66.7037000
-0.9612000 0.7268000 66.6985000
-0.9611000 0.7004000 66.6570000
-0.9611000 0.7488000 66.7038000
-0.9610000 0.7867000 66.6919000
-0.9609000 0.7339000 66.7004000
-0.9608000 0.7076000 66.6792000
-0.9608000 0.7079000 66.6240000
-0.9608000 0.7114000 66.6852000
-0.9608000 0.7234000 66.6093000
-0.9606000 0.7227000 66.6962000
-0.9606000 0.7300000 66.6980000
-0.9606000 0.7787000 66.6973000
-0.9606000 0.7905000 66.6876000
-0.9605000 0.7116000 66.6196000
-0.9604000 0.7408000 66.7024000
-0.9603000 0.7036000 66.6357000
-0.9603000 0.7149000 66.6879000
-0.9603000 0.7748000 66.6982000
-0.9600000 0.7032000 66.6703000
-0.9600000 0.7518000 66.7035000
-0.9599000 0.7108000 66.6822000
-0.9599000 0.7184000 66.6906000
-0.9598000 0.7031000 66.6636000
-0.9597000 0.7068000 66.6764000
-0.9596000 0.7030000 66.6671000
-0.9596000 0.7365000 66.7002000
-0.9595000 0.7069000 66.6282000
-0.9594000 0.7255000 66.6960000
-0.9594000 0.7437000 66.7020000
-0.9594000 0.7552000 66.7029000
-0.9593000 0.7028000 66.6432000
-0.9593000 0.8030000 66.6497000
-0.9592000 0.7141000 66.6850000
-0.9592000 0.7259000 66.6092000
-0.9592000 0.8029000 66.6569000
-0.9591000 0.7027000 66.6467000
-0.9591000 0.7064000 66.6733000
-0.9591000 0.7183000 66.6148000
-0.9591000 0.7702000 66.6996000
-0.9590000 0.7026000 66.6606000
-0.9590000 0.7027000 66.6399000
-0.9590000 0.7063000 66.6699000
-0.9590000 0.7105000 66.6239000
-0.9590000 0.7178000 66.6877000
-0.9590000 0.7664000 66.7005000
-0.9590000 0.7811000 66.6937000
-0.9588000 0.7587000 66.7023000
-0.9587000 0.7099000 66.6794000
-0.9587000 0.7213000 66.6937000
-0.9587000 0.7322000 66.6981000
-0.9587000 0.7624000 66.7015000
-0.9586000 0.7062000 66.6322000
-0.9585000 0.7023000 66.6574000
-0.9585000 0.7140000 66.6197000
-0.9584000 0.7021000 66.6540000
-0.9584000 0.7284000 66.6956000
-0.9583000 0.7021000 66.6506000
-0.9583000 0.7058000 66.6669000
-0.9583000 0.7466000 66.7017000
-0.9583000 0.8021000 66.6538000
-0.9582000 0.7288000 66.6088000
-0.9582000 0.7355000 66.6975000
-0.9582000 0.7391000 66.7001000
-0.9581000 0.7095000 66.6763000
-0.9581000 0.7133000 66.6822000
-0.9581000 0.7208000 66.6907000
-0.9579000 0.7057000 66.6361000
-0.9579000 0.7927000 66.6809000
-0.9578000 0.7971000 66.6729000
-0.9577000 0.7054000 66.6637000
-0.9577000 0.7840000 66.6900000
-0.9576000 0.7054000 66.6397000
-0.9575000 0.7053000 66.6604000
-0.9575000 0.7166000 66.6850000
-0.9575000 0.7208000 66.6147000
-0.9575000 0.7241000 66.6935000
-0.9574000 0.7092000 66.6283000
-0.9574000 0.7466000 66.6043000
-0.9573000 0.7089000 66.6733000
-0.9573000 0.7317000 66.6084000
-0.9572000 0.7051000 66.6571000
-0.9572000 0.7168000 66.6194000
-0.9572000 0.7581000 66.6048000
-0.9571000 0.7126000 66.6793000
-0.9571000 0.7496000 66.7014000
-0.9571000 0.7877000 66.6858000
-0.9570000 0.7049000 66.6538000
-0.9570000 0.7200000 66.6878000
-0.9569000 0.7049000 66.6435000
-0.9569000 0.7049000 66.6504000
-0.9569000 0.7309000 66.6955000
-0.9569000 0.7345000 66.6947000
-0.9569000 0.7424000 66.6056000
-0.9569000 0.7533000 66.7006000
-0.9569000 0.7720000 66.6964000
-0.9568000 0.7048000 66.6471000
-0.9568000 0.7350000 66.6076000
-0.9567000 0.7126000 66.6243000
-0.9567000 0.7416000 66.6999000
-0.9567000 0.7755000 66.6957000
-0.9564000 0.7083000 66.6703000
-0.9564000 0.7383000 66.6069000
-0.9563000 0.7567000 66.7001000
-0.9562000 0.7084000 66.6325000
-0.9562000 0.7236000 66.6145000
-0.9562000 0.7679000 66.6976000
-0.9562000 0.7789000 66.6916000
-0.9561000 0.7267000 66.6933000
-0.9561000 0.7271000 66.6136000
-0.9561000 0.7604000 66.6993000
-0.9561000 0.7641000 66.6985000
-0.9560000 0.7374000 66.6977000
-0.9560000 0.7449000 66.6994000
-0.9559000 0.7079000 66.6672000
-0.9559000 0.7081000 66.6362000
-0.9559000 0.7081000 66.6396000
-0.9559000 0.7117000 66.6765000
-0.9558000 0.7229000 66.6909000
-0.9557000 0.7079000 66.6432000
-0.9557000 0.7228000 66.6876000
-0.9556000 0.7118000 66.6283000
-0.9556000 0.7190000 66.6851000
-0.9555000 0.7076000 66.6640000
-0.9555000 0.7152000 66.6826000
-0.9554000 0.7193000 66.6194000
-0.9553000 0.7482000 66.6989000
-0.9552000 0.7296000 66.6930000
-0.9552000 0.7820000 66.6877000
-0.9551000 0.7074000 66.6470000
-0.9551000 0.7149000 66.6794000
-0.9551000 0.7260000 66.6904000
-0.9551000 0.7367000 66.6947000
-0.9550000 0.7152000 66.6242000
-0.9550000 0.7330000 66.6922000
-0.9549000 0.7072000 66.6608000
-0.9549000 0.7902000 66.6789000
-0.9548000 0.7111000 66.6323000
-0.9548000 0.7221000 66.6846000
-0.9547000 0.7108000 66.6737000
-0.9547000 0.7703000 66.6940000
-0.9546000 0.7070000 66.6576000
-0.9546000 0.7515000 66.6983000
-0.9546000 0.7857000 66.6836000
-0.9545000 0.7182000 66.6822000
-0.9545000 0.7400000 66.6976000
-0.9545000 0.7437000 66.6967000
-0.9544000 0.7106000 66.6705000
-0.9544000 0.7255000 66.6874000
-0.9544000 0.7943000 66.6711000
-0.9543000 0.7144000 66.6764000
-0.9542000 0.7067000 66.6509000
-0.9542000 0.7550000 66.6977000
-0.9541000 0.7626000 66.6960000
-0.9540000 0.7065000 66.6545000
-0.9540000 0.7291000 66.6138000
-0.9538000 0.7102000 66.6673000
-0.9538000 0.7104000 66.6363000
-0.9538000 0.7357000 66.6920000
-0.9538000 0.7732000 66.6936000
-0.9537000 0.7142000 66.6284000
-0.9537000 0.7514000 66.6079000
-0.9536000 0.7216000 66.6195000
-0.9536000 0.7585000 66.6970000
-0.9535000 0.7178000 66.6240000
-0.9535000 0.7468000 66.6963000
-0.9534000 0.7657000 66.6954000
-0.9533000 0.7138000 66.6321000
-0.9533000 0.7281000 66.6905000
-0.9532000 0.7135000 66.6736000
-0.9532000 0.7389000 66.6948000
-0.9532000 0.7936000 66.6362000
-0.9531000 0.7172000 66.6795000
-0.9531000 0.7321000 66.6133000
-0.9531000 0.7764000 66.6896000
-0.9530000 0.7096000 66.6643000
-0.9530000 0.7426000 66.6941000
-0.9528000 0.7096000 66.6403000
-0.9528000 0.7096000 66.6438000
-0.9528000 0.7096000 66.6472000
-0.9528000 0.7135000 66.6358000
-0.9528000 0.7207000 66.6822000
-0.9528000 0.7246000 66.6190000
-0.9526000 0.7094000 66.6508000
-0.9526000 0.7312000 66.6900000
-0.9526000 0.7354000 66.6126000
-0.9526000 0.7499000 66.6959000
-0.9525000 0.7093000 66.6543000
-0.9525000 0.7093000 66.6611000
-0.9524000 0.7239000 66.6849000
-0.9523000 0.7654000 66.6118000
-0.9523000 0.7796000 66.6857000
-0.9523000 0.7926000 66.6687000
-0.9522000 0.7091000 66.6579000
-0.9522000 0.7130000 66.6397000
-0.9522000 0.7536000 66.6952000
-0.9521000 0.7127000 66.6707000
-0.9521000 0.7683000 66.6918000
-0.9521000 0.7719000 66.6910000
-0.9520000 0.7164000 66.6766000
-0.9520000 0.7272000 66.6877000
-0.9520000 0.7386000 66.6120000
-0.9520000 0.7462000 66.6099000
-0.9520000 0.7879000 66.6769000
-0.9519000 0.7571000 66.6945000
-0.9519000 0.7609000 66.6936000
-0.9518000 0.7165000 66.6285000
-0.9518000 0.7342000 66.6895000
-0.9518000 0.7422000 66.6111000
-0.9518000 0.7455000 66.6938000
-0.9517000 0.7378000 66.6921000
-0.9517000 0.7833000 66.6815000
-0.9515000 0.7200000 66.6242000
-0.9514000 0.7641000 66.6930000
-0.9513000 0.7159000 66.6736000
-0.9513000 0.7270000 66.6189000
-0.9513000 0.7303000 66.6872000
-0.9512000 0.7122000 66.6437000
-0.9512000 0.7122000 66.6609000
-0.9512000 0.7194000 66.6796000
-0.9512000 0.7572000 66.6108000
-0.9511000 0.7120000 66.6575000
-0.9511000 0.7120000 66.6678000
-0.9511000 0.7121000 66.6506000
-0.9511000 0.7160000 66.6324000
-0.9511000 0.7411000 66.6916000
-0.9511000 0.7748000 66.6872000
-0.9511000 0.7916000 66.6657000
-0.9510000 0.7120000 66.6542000
-0.9510000 0.7120000 66.6644000
-0.9510000 0.7159000 66.6359000
-0.9510000 0.7265000 66.6848000
-0.9508000 0.7486000 66.6933000
-0.9507000 0.7119000 66.6474000
-0.9507000 0.7226000 66.6824000
-0.9506000 0.7301000 66.6183000
-0.9505000 0.7522000 66.6926000
-0.9505000 0.7706000 66.6883000
-0.9503000 0.7153000 66.6397000
-0.9503000 0.7559000 66.6918000
-0.9502000 0.7150000 66.6708000
-0.9502000 0.7151000 66.6640000
-0.9502000 0.7190000 66.6284000
-0.9502000 0.7779000 66.6832000
-0.9501000 0.7150000 66.6674000
-0.9501000 0.7186000 66.6733000
-0.9501000 0.7186000 66.6768000
-0.9501000 0.7366000 66.6895000
-0.9500000 0.7328000 66.6870000
-0.9499000 0.7333000 66.6177000
-0.9498000 0.7185000 66.6701000
-0.9498000 0.7220000 66.6794000
-0.9498000 0.7256000 66.6820000
-0.9498000 0.7291000 66.6845000
-0.9498000 0.7592000 66.6912000
-0.9497000 0.7148000 66.6435000
-0.9497000 0.7223000 66.6242000
-0.9497000 0.7628000 66.6904000
-0.9497000 0.7816000 66.6791000
-0.9496000 0.7186000 66.6322000
-0.9496000 0.7399000 66.6889000
-0.9495000 0.7437000 66.6914000
-0.9495000 0.7662000 66.6897000
-0.9495000 0.7819000 66.6262000
-0.9495000 0.7858000 66.6746000
-0.9494000 0.7256000 66.6234000
-0.9494000 0.7666000 66.6160000
-0.9493000 0.7145000 66.6472000
-0.9493000 0.7252000 66.6788000
-0.9492000 0.7144000 66.6541000
-0.9492000 0.7144000 66.6576000
-0.9492000 0.7144000 66.6610000
-0.9492000 0.7219000 66.6280000
-0.9491000 0.7363000 66.6172000
-0.9491000 0.7900000 66.6632000
-0.9490000 0.7358000 66.6866000
-0.9490000 0.7400000 66.6162000
-0.9490000 0.7477000 66.6141000
-0.9490000 0.7731000 66.6848000
-0.9490000 0.7858000 66.6325000
-0.9490000 0.7900000 66.6421000
-0.9489000 0.7142000 66.6509000
-0.9489000 0.7213000 66.6765000
-0.9489000 0.7249000 66.6757000
-0.9489000 0.7471000 66.6909000
-0.9488000 0.7177000 66.6672000
-0.9488000 0.7514000 66.6132000
-0.9487000 0.7179000 66.6362000
-0.9487000 0.7287000 66.6229000
-0.9486000 0.7214000 66.6318000
-0.9486000 0.7318000 66.6843000
-0.9486000 0.7546000 66.6892000
-0.9485000 0.7281000 66.6818000
-0.9485000 0.7587000 66.6149000
-0.9484000 0.7176000 66.6398000
-0.9484000 0.7765000 66.6807000
-0.9483000 0.7209000 66.6734000
-0.9483000 0.7247000 66.6276000
-0.9483000 0.7428000 66.6886000
-0.9483000 0.7505000 66.6903000
-0.9482000 0.7432000 66.6156000
-0.9482000 0.7580000 66.6885000
-0.9482000 0.7687000 66.6860000
-0.9482000 0.7804000 66.6763000
-0.9481000 0.7172000 66.6641000
-0.9481000 0.7173000 66.6504000
-0.9481000 0.7388000 66.6862000
-0.9480000 0.7615000 66.6878000
-0.9479000 0.7171000 66.6470000
-0.9479000 0.7172000 66.6435000
-0.9479000 0.7242000 66.6727000
-0.9479000 0.7891000 66.6462000
-0.9478000 0.7276000 66.6787000
-0.9477000 0.7169000 66.6609000
-0.9477000 0.7279000 66.6270000
-0.9477000 0.7347000 66.6839000
-0.9475000 0.7204000 66.6704000
-0.9474000 0.7167000 66.6576000
-0.9474000 0.7168000 66.6542000
-0.9474000 0.7204000 66.6360000
-0.9474000 0.7421000 66.6857000
-0.9474000 0.7761000 66.6249000
-0.9474000 0.7842000 66.6722000
-0.9474000 0.7886000 66.6606000
-0.9473000 0.7885000 66.6571000
-0.9472000 0.7311000 66.6228000
-0.9472000 0.7644000 66.6873000
-0.9471000 0.7306000 66.6817000
-0.9470000 0.7200000 66.6672000
-0.9470000 0.7380000 66.6834000
-0.9469000 0.7234000 66.6698000
-0.9469000 0.7455000 66.6884000
-0.9469000 0.7532000 66.6866000
-0.9468000 0.7268000 66.6759000
-0.9468000 0.7345000 66.6220000
-0.9468000 0.7681000 66.6201000
-0.9468000 0.7714000 66.6824000
-0.9467000 0.7199000 66.6398000
-0.9467000 0.7235000 66.6319000
-0.9467000 0.7340000 66.6810000
-0.9467000 0.7536000 66.6169000
-0.9467000 0.7568000 66.6858000
-0.9467000 0.7835000 66.6691000
-0.9466000 0.7492000 66.6877000
-0.9465000 0.7197000 66.6434000
-0.9464000 0.7715000 66.6229000
-0.9464000 0.7879000 66.6505000
-0.9464000 0.7879000 66.6540000
-0.9463000 0.7194000 66.6642000
-0.9462000 0.7194000 66.6608000
-0.9462000 0.7195000 66.6470000
-0.9462000 0.7378000 66.6213000
-0.9461000 0.7193000 66.6574000
-0.9461000 0.7228000 66.6668000
-0.9461000 0.7671000 66.6836000
-0.9460000 0.7193000 66.6506000
-0.9460000 0.7266000 66.6314000
-0.9460000 0.7492000 66.6183000
-0.9460000 0.7599000 66.6853000
-0.9460000 0.7604000 66.6189000
-0.9460000 0.7746000 66.6784000
-0.9458000 0.7297000 66.6789000
-0.9458000 0.7371000 66.6805000
-0.9458000 0.7413000 66.6205000
-0.9458000 0.7486000 66.6846000
-0.9458000 0.7785000 66.6740000
-0.9457000 0.7190000 66.6542000
-0.9457000 0.7260000 66.6730000
-0.9457000 0.7333000 66.6781000
-0.9457000 0.7828000 66.6660000
-0.9457000 0.7829000 66.6379000
-0.9456000 0.7225000 66.6637000
-0.9456000 0.7446000 66.6856000
-0.9456000 0.7450000 66.6196000
-0.9455000 0.7406000 66.6832000
-0.9455000 0.7630000 66.6848000
-0.9454000 0.7225000 66.6361000
-0.9453000 0.7258000 66.6664000
-0.9452000 0.7222000 66.6604000
-0.9452000 0.7257000 66.6698000
-0.9452000 0.7259000 66.6353000
-0.9452000 0.7295000 66.6274000
-0.9451000 0.7222000 66.6398000
-0.9451000 0.7332000 66.6265000
-0.9451000 0.7518000 66.6841000
-0.9451000 0.7700000 66.6798000
-0.9451000 0.7782000 66.6322000
-0.9450000 0.7220000 66.6571000
-0.9449000 0.7290000 66.6760000
-0.9449000 0.7327000 66.6751000
-0.9449000 0.7478000 66.6817000
-0.9449000 0.7554000 66.6833000
-0.9448000 0.7220000 66.6434000
-0.9448000 0.7661000 66.6808000
-0.9447000 0.7589000 66.6825000
-0.9446000 0.7218000 66.6470000
-0.9446000 0.7438000 66.6827000
-0.9445000 0.7217000 66.6505000
-0.9445000 0.7252000 66.6633000
-0.9445000 0.7290000 66.6313000
-0.9445000 0.7399000 66.6803000
-0.9445000 0.7555000 66.6207000
-0.9445000 0.7627000 66.6223000
-0.9445000 0.7818000 66.6632000
-0.9444000 0.7216000 66.6540000
-0.9444000 0.7253000 66.6392000
-0.9444000 0.7325000 66.6304000
-0.9444000 0.7360000 66.6778000
-0.9444000 0.7622000 66.6818000
-0.9444000 0.7774000 66.6713000
-0.9443000 0.7732000 66.6758000
-0.9443000 0.7818000 66.6422000
-0.9442000 0.7322000 66.6720000
-0.9442000 0.7435000 66.6795000
-0.9442000 0.7735000 66.6302000
-0.9440000 0.7284000 66.6696000
-0.9440000 0.7399000 66.6251000
-0.9439000 0.7283000 66.6662000
-0.9439000 0.7283000 66.6730000
-0.9439000 0.7813000 66.6600000
-0.9438000 0.7359000 66.6262000
-0.9437000 0.7689000 66.6770000
-0.9436000 0.7392000 66.6773000
-0.9436000 0.7510000 66.6222000
-0.9435000 0.7245000 66.6536000
-0.9435000 0.7583000 66.6239000
-0.9435000 0.7767000 66.6683000
-0.9435000 0.7769000 66.6366000
-0.9435000 0.7811000 66.6567000
-0.9434000 0.7244000 66.6605000
-0.9434000 0.7353000 66.6749000
-0.9434000 0.7432000 66.6244000
-0.9434000 0.7810000 66.6462000
-0.9433000 0.7243000 66.6571000
-0.9433000 0.7244000 66.6433000
-0.9433000 0.7317000 66.6345000
-0.9433000 0.7470000 66.6234000
-0.9433000 0.7541000 66.6807000
-0.9433000 0.7689000 66.6282000
-0.9433000 0.7724000 66.6729000
-0.9432000 0.7465000 66.6791000
-0.9432000 0.7503000 66.6816000
-0.9432000 0.7651000 66.6257000
-0.9431000 0.7279000 66.6355000
-0.9431000 0.7313000 66.6692000
-0.9431000 0.7426000 66.6767000
-0.9431000 0.7647000 66.6782000
-0.9430000 0.7276000 66.6633000
-0.9429000 0.7241000 66.6504000
-0.9428000 0.7573000 66.6801000
-0.9428000 0.7609000 66.6792000
-0.9428000 0.7761000 66.6652000
-0.9428000 0.7805000 66.6535000
-0.9427000 0.7239000 66.6471000
-0.9426000 0.7347000 66.6719000
-0.9426000 0.7426000 66.6283000
-0.9426000 0.7803000 66.6501000
-0.9425000 0.7272000 66.6601000
-0.9424000 0.7273000 66.6429000
-0.9424000 0.7308000 66.6661000
-0.9424000 0.7310000 66.6384000
-0.9424000 0.7497000 66.6786000
-0.9424000 0.7534000 66.6777000
-0.9424000 0.7538000 66.6254000
-0.9423000 0.7271000 66.6568000
-0.9422000 0.7270000 66.6534000
-0.9422000 0.7271000 66.6464000
-0.9422000 0.7346000 66.6306000
-0.9422000 0.7381000 66.6746000
-0.9422000 0.7458000 66.6762000
-0.9421000 0.7271000 66.6396000
-0.9420000 0.7306000 66.6422000
-0.9420000 0.7494000 66.6754000
-0.9419000 0.7269000 66.6501000
-0.9419000 0.7382000 66.6298000
-0.9419000 0.7674000 66.6745000
-0.9419000 0.7715000 66.6350000
-0.9419000 0.7756000 66.6410000
-0.9418000 0.7458000 66.6278000
-0.9418000 0.7496000 66.6268000
-0.9417000 0.7415000 66.6740000
-0.9417000 0.7604000 66.6275000
-0.9416000 0.7302000 66.6528000
-0.9416000 0.7339000 66.6690000
-0.9416000 0.7564000 66.6773000
-0.9416000 0.7635000 66.6755000
-0.9416000 0.7710000 66.6702000
-0.9415000 0.7452000 66.6731000
-0.9415000 0.7564000 66.6738000
-0.9414000 0.7302000 66.6459000
-0.9414000 0.7340000 66.6345000
-0.9414000 0.7375000 66.6716000
-0.9414000 0.7526000 66.6748000
-0.9414000 0.7749000 66.6624000
-0.9413000 0.7300000 66.6632000
-0.9413000 0.7301000 66.6494000
-0.9413000 0.7339000 66.6381000
-0.9413000 0.7488000 66.6723000
-0.9413000 0.7750000 66.6449000
-0.9413000 0.7750000 66.6484000
-0.9412000 0.7376000 66.6337000
-0.9412000 0.7376000 66.6372000
-0.9412000 0.7596000 66.6766000
-0.9411000 0.7298000 66.6565000
-0.9411000 0.7414000 66.6327000
-0.9411000 0.7634000 66.6304000
-0.9409000 0.7372000 66.6684000
-0.9409000 0.7562000 66.6289000
-0.9409000 0.7666000 66.6715000
-0.9409000 0.7669000 66.6331000
-0.9408000 0.7335000 66.6418000
-0.9408000 0.7525000 66.6299000
-0.9407000 0.7408000 66.6710000
-0.9407000 0.7449000 66.6319000
-0.9407000 0.7703000 66.6672000
-0.9407000 0.7745000 66.6522000
-0.9406000 0.7331000 66.6661000
-0.9406000 0.7446000 66.6701000
-0.9406000 0.7486000 66.6309000
-0.9406000 0.7627000 66.6726000
-0.9406000 0.7744000 66.6558000
-0.9405000 0.7331000 66.6627000
-0.9405000 0.7591000 66.6735000
-0.9405000 0.7594000 66.6317000
-0.9405000 0.7742000 66.6594000
-0.9404000 0.7293000 66.6603000
-0.9404000 0.7331000 66.6593000
-0.9404000 0.7554000 66.6710000
-0.9402000 0.7368000 66.6412000
-0.9402000 0.7517000 66.6720000
-0.9402000 0.7661000 66.6684000
-0.9401000 0.7329000 66.6457000
-0.9401000 0.7700000 66.6396000
-0.9400000 0.7403000 66.6680000
-0.9400000 0.7625000 66.6345000
-0.9400000 0.7698000 66.6641000
-0.9399000 0.7327000 66.6561000
-0.9399000 0.7443000 66.6359000
-0.9399000 0.7661000 66.6371000
-0.9398000 0.7363000 66.6656000
-0.9397000 0.7325000 66.6528000
-0.9397000 0.7400000 66.6647000
-0.9397000 0.7402000 66.6370000
-0.9397000 0.7439000 66.6672000
-0.9397000 0.7477000 66.6697000
-0.9397000 0.7584000 66.6705000
-0.9397000 0.7621000 66.6696000
-0.9397000 0.7658000 66.6408000
-0.9396000 0.7586000 66.6357000
-0.9395000 0.7324000 66.6495000
-0.9394000 0.7360000 66.6624000
-0.9394000 0.7398000 66.6614000
-0.9394000 0.7511000 66.6689000
-0.9393000 0.7654000 66.6654000
-0.9392000 0.7359000 66.6590000
-0.9392000 0.7360000 66.6452000
-0.9392000 0.7436000 66.6398000
-0.9392000 0.7475000 66.6352000
-0.9392000 0.7548000 66.6333000
-0.9392000 0.7692000 66.6506000
-0.9391000 0.7397000 66.6581000
-0.9390000 0.7358000 66.6488000
-0.9390000 0.7433000 66.6641000
-0.9390000 0.7614000 66.6665000
-0.9390000 0.7652000 66.6621000
-0.9390000 0.7691000 66.6437000
-0.9390000 0.7691000 66.6472000
-0.9389000 0.7470000 66.6667000
-0.9389000 0.7616000 66.6387000
-0.9389000 0.7652000 66.6447000
-0.9388000 0.7394000 66.6549000
-0.9388000 0.7506000 66.6658000
-0.9388000 0.7508000 66.6345000
-0.9388000 0.7578000 66.6675000
-0.9388000 0.7613000 66.6632000
-0.9388000 0.7688000 66.6612000
-0.9388000 0.7689000 66.6543000
-0.9387000 0.7395000 66.6410000
-0.9387000 0.7541000 66.6684000
-0.9386000 0.7468000 66.6634000
-0.9386000 0.7576000 66.6607000
-0.9386000 0.7648000 66.6589000
-0.9386000 0.7686000 66.6579000
-0.9385000 0.7392000 66.6515000
-0.9385000 0.7504000 66.6625000
-0.9385000 0.7613000 66.6424000
-0.9384000 0.7353000 66.6526000
-0.9384000 0.7353000 66.6560000
-0.9384000 0.7574000 66.6642000
-0.9384000 0.7576000 66.6399000
-0.9383000 0.7609000 66.6599000
-0.9382000 0.7390000 66.6482000
-0.9382000 0.7465000 66.6602000
-0.9382000 0.7466000 66.6393000
-0.9382000 0.7610000 66.6460000
-0.9381000 0.7389000 66.6448000
-0.9381000 0.7426000 66.6611000
-0.9381000 0.7427000 66.6508000
-0.9381000 0.7428000 66.6438000
-0.9381000 0.7501000 66.6593000
-0.9381000 0.7573000 66.6575000
-0.9380000 0.7426000 66.6543000
-0.9380000 0.7427000 66.6474000
-0.9380000 0.7536000 66.6653000
-0.9380000 0.7538000 66.6375000
-0.9379000 0.7425000 66.6578000
-0.9378000 0.7462000 66.6500000
-0.9378000 0.7535000 66.6620000
-0.9378000 0.7571000 66.6437000
-0.9378000 0.7642000 66.6488000
-0.9378000 0.7642000 66.6558000
-0.9377000 0.7462000 66.6431000
-0.9377000 0.7499000 66.6386000
-0.9376000 0.7569000 66.6542000
-0.9376000 0.7641000 66.6524000
-0.9375000 0.7532000 66.6587000
-0.9374000 0.7460000 66.6467000
-0.9374000 0.7496000 66.6562000
-0.9374000 0.7603000 66.6500000
-0.9373000 0.7532000 66.6449000
-0.9373000 0.7601000 66.6570000
-0.9372000 0.7494000 66.6494000
-0.9372000 0.7494000 66.6528000
-0.9372000 0.7531000 66.6414000
-0.9372000 0.7531000 66.6553000
-0.9372000 0.7566000 66.6475000
-0.9371000 0.7457000 66.6572000
-0.9370000 0.7456000 66.6538000
-0.9370000 0.7564000 66.6511000
-0.9370000 0.7600000 66.6536000
-0.9367000 0.7491000 66.6427000
-0.9366000 0.7526000 66.6522000
-0.9365000 0.7489000 66.6462000
-0.9364000 0.7525000 66.6488000
